--------------------------------------------------------------------------------
 Classification Metrics: Test Data 
--------------------------------------------------------------------------------
              precision    recall  f1-score   support

           A       0.38      0.23      0.29        13
           B       0.33      0.40      0.36         5
           C       0.67      0.60      0.63        10
           D       0.60      0.33      0.43         9
           E       0.17      0.22      0.19         9
           F       0.00      0.00      0.00         7
           G       0.50      0.80      0.62        10
           H       0.29      0.20      0.24        10
           I       0.39      0.41      0.40        17
           J       0.57      0.67      0.62         6
           K       0.33      0.20      0.25         5
           L       0.33      0.64      0.44        11
           M       0.25      0.40      0.31         5
           N       0.20      0.08      0.12        12
           O       0.43      0.38      0.40         8
           P       0.18      0.18      0.18        11
           Q       0.62      0.56      0.59         9
           R       0.00      0.00      0.00         6
           S       0.38      0.46      0.41        13
           T       0.50      0.43      0.46         7
           U       0.14      0.17      0.15         6
           V       0.33      0.18      0.24        11
           W       0.12      0.14      0.13         7
           X       0.27      0.33      0.30         9
           Y       0.25      0.33      0.29         3
           Z       1.00      1.00      1.00         9

    accuracy                           0.37       228
   macro avg       0.36      0.36      0.35       228
weighted avg       0.37      0.37      0.36       228

--------------------------------------------------------------------------------