--------------------------------------------------------------------------------
 Classification Metrics: Test Data 
--------------------------------------------------------------------------------
              precision    recall  f1-score   support

           A       0.20      0.29      0.24         7
           B       0.33      0.20      0.25         5
           C       0.30      0.38      0.33         8
           D       0.26      0.42      0.32        12
           E       0.15      0.33      0.21         6
           F       0.43      0.43      0.43         7
           G       0.67      0.60      0.63        10
           H       0.43      0.60      0.50         5
           I       0.31      0.56      0.40         9
           J       0.62      0.50      0.55        16
           K       0.50      0.29      0.36         7
           L       0.36      0.33      0.34        15
           M       0.33      0.12      0.18         8
           N       0.57      0.33      0.42        12
           O       0.00      0.00      0.00        10
           P       0.50      0.30      0.38        10
           Q       0.50      0.30      0.38        10
           R       0.00      0.00      0.00         3
           S       0.29      0.22      0.25         9
           T       0.25      0.25      0.25         8
           U       0.25      0.11      0.15         9
           V       0.25      0.38      0.30         8
           W       0.17      0.40      0.24         5
           X       0.38      0.33      0.35         9
           Y       0.60      0.33      0.43         9
           Z       0.73      1.00      0.85        11

    accuracy                           0.36       228
   macro avg       0.36      0.35      0.34       228
weighted avg       0.39      0.36      0.36       228

--------------------------------------------------------------------------------