--------------------------------------------------------------------------------
 Classification Metrics: Test Data 
--------------------------------------------------------------------------------
              precision    recall  f1-score   support

           A       0.18      0.29      0.22         7
           B       0.50      0.40      0.44         5
           C       0.67      0.25      0.36         8
           D       1.00      0.42      0.59        12
           E       0.17      0.17      0.17         6
           F       0.38      0.43      0.40         7
           G       0.55      0.60      0.57        10
           H       0.33      0.80      0.47         5
           I       0.38      0.56      0.45         9
           J       0.80      0.75      0.77        16
           K       1.00      0.57      0.73         7
           L       0.62      0.33      0.43        15
           M       0.17      0.38      0.23         8
           N       0.71      0.42      0.53        12
           O       0.11      0.10      0.11        10
           P       0.60      0.30      0.40        10
           Q       0.50      0.20      0.29        10
           R       0.33      0.33      0.33         3
           S       0.50      0.22      0.31         9
           T       0.45      0.62      0.53         8
           U       0.50      0.33      0.40         9
           V       0.20      0.25      0.22         8
           W       0.43      0.60      0.50         5
           X       0.32      0.78      0.45         9
           Y       0.44      0.44      0.44         9
           Z       0.85      1.00      0.92        11

    accuracy                           0.45       228
   macro avg       0.49      0.44      0.43       228
weighted avg       0.53      0.45      0.46       228

--------------------------------------------------------------------------------