--------------------------------------------------------------------------------
 Classification Metrics: Test Data 
--------------------------------------------------------------------------------
              precision    recall  f1-score   support

           A       0.00      0.00      0.00         7
           B       0.00      0.00      0.00         5
           C       0.10      0.12      0.11         8
           D       0.00      0.00      0.00        12
           E       0.00      0.00      0.00         6
           F       0.00      0.00      0.00         7
           G       0.40      0.20      0.27        10
           H       0.00      0.00      0.00         5
           I       0.14      0.11      0.12         9
           J       0.10      0.94      0.17        16
           K       0.00      0.00      0.00         7
           L       0.67      0.13      0.22        15
           M       0.00      0.00      0.00         8
           N       1.00      0.08      0.15        12
           O       0.00      0.00      0.00        10
           P       0.00      0.00      0.00        10
           Q       0.00      0.00      0.00        10
           R       0.00      0.00      0.00         3
           S       0.12      0.11      0.12         9
           T       0.00      0.00      0.00         8
           U       0.33      0.11      0.17         9
           V       0.00      0.00      0.00         8
           W       0.00      0.00      0.00         5
           X       0.00      0.00      0.00         9
           Y       0.50      0.11      0.18         9
           Z       1.00      0.18      0.31        11

    accuracy                           0.12       228
   macro avg       0.17      0.08      0.07       228
weighted avg       0.22      0.12      0.09       228

--------------------------------------------------------------------------------