--------------------------------------------------------------------------------
 Classification Metrics: Test Data 
--------------------------------------------------------------------------------
              precision    recall  f1-score   support

           A       0.38      0.71      0.50         7
           B       0.33      0.20      0.25         5
           C       0.67      0.50      0.57         8
           D       0.60      0.50      0.55        12
           E       0.25      0.33      0.29         6
           F       0.17      0.29      0.21         7
           G       0.83      0.50      0.62        10
           H       0.40      0.80      0.53         5
           I       0.47      0.89      0.62         9
           J       0.80      0.75      0.77        16
           K       0.57      0.57      0.57         7
           L       0.89      0.53      0.67        15
           M       0.00      0.00      0.00         8
           N       0.64      0.58      0.61        12
           O       1.00      0.40      0.57        10
           P       0.60      0.30      0.40        10
           Q       0.44      0.70      0.54        10
           R       0.50      0.33      0.40         3
           S       0.56      0.56      0.56         9
           T       0.40      0.50      0.44         8
           U       0.43      0.33      0.38         9
           V       0.50      0.62      0.56         8
           W       0.33      0.60      0.43         5
           X       0.62      0.56      0.59         9
           Y       0.50      0.44      0.47         9
           Z       1.00      1.00      1.00        11

    accuracy                           0.54       228
   macro avg       0.53      0.52      0.50       228
weighted avg       0.58      0.54      0.54       228

--------------------------------------------------------------------------------