--------------------------------------------------------------------------------
 Classification Metrics: Test Data 
--------------------------------------------------------------------------------
              precision    recall  f1-score   support

           A       0.56      0.38      0.45        13
           B       0.00      0.00      0.00         5
           C       0.80      0.40      0.53        10
           D       0.44      0.44      0.44         9
           E       0.17      0.11      0.13         9
           F       0.14      0.14      0.14         7
           G       0.54      0.70      0.61        10
           H       0.20      0.10      0.13        10
           I       0.40      0.47      0.43        17
           J       0.33      0.50      0.40         6
           K       0.67      0.40      0.50         5
           L       0.25      0.64      0.36        11
           M       0.10      0.40      0.16         5
           N       0.27      0.33      0.30        12
           O       0.40      0.25      0.31         8
           P       1.00      0.18      0.31        11
           Q       1.00      0.33      0.50         9
           R       0.00      0.00      0.00         6
           S       0.28      0.38      0.32        13
           T       0.38      0.43      0.40         7
           U       0.09      0.17      0.12         6
           V       0.33      0.09      0.14        11
           W       0.40      0.29      0.33         7
           X       0.40      0.22      0.29         9
           Y       0.00      0.00      0.00         3
           Z       0.89      0.89      0.89         9

    accuracy                           0.34       228
   macro avg       0.39      0.32      0.32       228
weighted avg       0.42      0.34      0.34       228

--------------------------------------------------------------------------------