--------------------------------------------------------------------------------
 Classification Metrics: Test Data 
--------------------------------------------------------------------------------
              precision    recall  f1-score   support

           A       0.67      0.62      0.64        13
           B       0.50      0.20      0.29         5
           C       0.47      0.70      0.56        10
           D       0.40      0.67      0.50         9
           E       0.71      0.56      0.62         9
           F       0.67      0.29      0.40         7
           G       1.00      0.80      0.89        10
           H       0.89      0.80      0.84        10
           I       0.62      0.47      0.53        17
           J       0.36      0.67      0.47         6
           K       1.00      1.00      1.00         5
           L       0.75      0.82      0.78        11
           M       0.40      0.40      0.40         5
           N       0.55      0.50      0.52        12
           O       0.80      0.50      0.62         8
           P       1.00      0.73      0.84        11
           Q       0.50      0.33      0.40         9
           R       0.43      0.50      0.46         6
           S       0.61      0.85      0.71        13
           T       1.00      0.29      0.44         7
           U       0.60      0.50      0.55         6
           V       0.58      0.64      0.61        11
           W       0.42      0.71      0.53         7
           X       0.67      0.67      0.67         9
           Y       0.60      1.00      0.75         3
           Z       0.82      1.00      0.90         9

    accuracy                           0.63       228
   macro avg       0.65      0.62      0.61       228
weighted avg       0.66      0.63      0.62       228

--------------------------------------------------------------------------------